#   <lc>              σ(lc)             lb                σ(lb)             <lambda>          σ(lambda)         <L/lc>            σ(L/lc)           <L/lambda>       σ(L/lambda)        <lb/L>            σ(lb/L)           <E_stretch>       σ(E_stretch)      <E_bend>          σ(E_bend)         <E_shear>         σ(E_shear)        <E_total>         σ(E_total)        <E from A>        σ(E from A)       <E_error>         σ(E_error)        N     EA              EI              GI              ORTHO           SHEARDISPL      STRETCHDISPL    L        CASENO   SEED    WX    WY  Datafile
# index 0  EA=1  EI=4e-8  GI variable  ORTHO=0.1
  0.014471105400    0.000220249540    0.000200000000    0.000000000000    0.060303940000    0.001225361632   13.823503811500    0.208775874409    3.317752820200    0.066725962447    0.001000000000    0.000000000000    0.000000673813    0.000000093858    0.000002814963    0.000000253348    0.000000001428    0.000000000212    0.000003490205    0.000000299094    0.000003490205    0.000000299094    0.000000076851    0.000000268511     600  1.000000000000  0.000000040000  0.100000000000  0.100000000000  0.010000000000  0.000000000000  0.200000      10     101  1.00  1.00  data5000.dat
  0.014471105400    0.000220249540    0.000200000000    0.000000000000    0.060303940000    0.001225361632   13.823503811500    0.208775874409    3.317752820200    0.066725962447    0.001000000000    0.000000000000    0.000000668643    0.000000093011    0.000002794784    0.000000250355    0.000000014037    0.000000002081    0.000003477464    0.000000297229    0.000003477464    0.000000297229   -0.000000051350    0.000000112402     600  1.000000000000  0.000000040000  0.010000000000  0.100000000000  0.010000000000  0.000000000000  0.200000      10     101  1.00  1.00  data5001.dat
  0.014471105400    0.000220249540    0.000200000000    0.000000000000    0.060303940000    0.001225361632   13.823503811500    0.208775874409    3.317752820200    0.066725962447    0.001000000000    0.000000000000    0.000000622935    0.000000085610    0.000002613803    0.000000224141    0.000000122831    0.000000017689    0.000003359569    0.000000280233    0.000003359569    0.000000280232   -0.000000016673    0.000000295736     600  1.000000000000  0.000000040000  0.001000000000  0.100000000000  0.010000000000  0.000000000000  0.200000      10     101  1.00  1.00  data5002.dat
  0.014471105400    0.000220249540    0.000200000000    0.000000000000    0.060303940000    0.001225361632   13.823503811500    0.208775874409    3.317752820200    0.066725962447    0.001000000000    0.000000000000    0.000000401738    0.000000052567    0.000001681789    0.000000110831    0.000000549976    0.000000063181    0.000002633502    0.000000188954    0.000002633502    0.000000188954    0.000000142074    0.000000400103     600  1.000000000000  0.000000040000  0.000100000000  0.100000000000  0.010000000000  0.000000000000  0.200000      10     101  1.00  1.00  data5003.dat
  0.014471105400    0.000220249540    0.000200000000    0.000000000000    0.060303940000    0.001225361632   13.823503811500    0.208775874409    3.317752820200    0.066725962447    0.001000000000    0.000000000000    0.000000156648    0.000000018340    0.000000575512    0.000000033430    0.000000503182    0.000000040193    0.000001235342    0.000000068766    0.000001235341    0.000000068766    0.000000437865    0.000000680752     600  1.000000000000  0.000000040000  0.000010000000  0.100000000000  0.010000000000  0.000000000000  0.200000      10     101  1.00  1.00  data5004.dat
  0.014471105400    0.000220249540    0.000200000000    0.000000000000    0.060303940000    0.001225361632   13.823503811500    0.208775874409    3.317752820200    0.066725962447    0.001000000000    0.000000000000    0.000000095757    0.000000013702    0.000000342923    0.000000028646    0.000000123660    0.000000009829    0.000000562340    0.000000041850    0.000000562340    0.000000041851   -0.000000475083    0.000001942888     600  1.000000000000  0.000000040000  0.000001000000  0.100000000000  0.010000000000  0.000000000000  0.200000      10     101  1.00  1.00  data5005.dat
  0.014471105400    0.000220249540    0.000200000000    0.000000000000    0.060303940000    0.001225361632   13.823503811500    0.208775874409    3.317752820200    0.066725962447    0.001000000000    0.000000000000    0.000000089111    0.000000014607    0.000000333650    0.000000028138    0.000000015561    0.000000001413    0.000000438322    0.000000041073    0.000000438321    0.000000041073    0.000001789214    0.000003739930     600  1.000000000000  0.000000040000  0.000000100000  0.100000000000  0.010000000000  0.000000000000  0.200000      10     101  1.00  1.00  data5006.dat
  0.014471105400    0.000220249540    0.000200000000    0.000000000000    0.060303940000    0.001225361632   13.823503811500    0.208775874409    3.317752820200    0.066725962447    0.001000000000    0.000000000000    0.000000088507    0.000000014774    0.000000333994    0.000000028092    0.000000001604    0.000000000149    0.000000424105    0.000000041129    0.000000424105    0.000000041128    0.000000923380    0.000002416104     600  1.000000000000  0.000000040000  0.000000010000  0.100000000000  0.010000000000  0.000000000000  0.200000      10     101  1.00  1.00  data5007.dat
  0.014471105400    0.000220249540    0.000200000000    0.000000000000    0.060303940000    0.001225361632   13.823503811500    0.208775874409    3.317752820200    0.066725962447    0.001000000000    0.000000000000    0.000000088447    0.000000014792    0.000000334051    0.000000028088    0.000000000161    0.000000000015    0.000000422659    0.000000041136    0.000000422659    0.000000041136    0.000000523301    0.000001724408     600  1.000000000000  0.000000040000  0.000000001000  0.100000000000  0.010000000000  0.000000000000  0.200000      10     101  1.00  1.00  data5008.dat
  0.014471105400    0.000220249540    0.000200000000    0.000000000000    0.060303940000    0.001225361632   13.823503811500    0.208775874409    3.317752820200    0.066725962447    0.001000000000    0.000000000000    0.000000088441    0.000000014794    0.000000334057    0.000000028088    0.000000000016    0.000000000002    0.000000422514    0.000000041137    0.000000422515    0.000000041137   -0.000000936710    0.000002872312     600  1.000000000000  0.000000040000  0.000000000100  0.100000000000  0.010000000000  0.000000000000  0.200000      10     101  1.00  1.00  data5009.dat


# index 1  EA=1  EI=4e-8  GI variable  ORTHO=0.2
  0.013947317900    0.000204474402    0.000200000000    0.000000000000    0.057411149300    0.001123775033   14.342425682500    0.208535363718    3.484832214300    0.067464703050    0.001000000000    0.000000000000    0.000001710521    0.000000165414    0.000004538956    0.000000424029    0.000000002374    0.000000000332    0.000006251851    0.000000559279    0.000006251848    0.000000559281    0.000000452865    0.000002073333     600  1.000000000000  0.000000040000  0.100000000000  0.200000000000  0.010000000000  0.000000000000  0.200000      10     101  1.00  1.00  data5010.dat
  0.013947317900    0.000204474402    0.000200000000    0.000000000000    0.057411149300    0.001123775033   14.342425682500    0.208535363718    3.484832214300    0.067464703050    0.001000000000    0.000000000000    0.000001699032    0.000000164076    0.000004508564    0.000000419942    0.000000023185    0.000000003031    0.000006230780    0.000000556600    0.000006230784    0.000000556604   -0.000000601839    0.000001894090     600  1.000000000000  0.000000040000  0.010000000000  0.200000000000  0.010000000000  0.000000000000  0.200000      10     101  1.00  1.00  data5011.dat
  0.013947317900    0.000204474402    0.000200000000    0.000000000000    0.057411149300    0.001123775033   14.342425682500    0.208535363718    3.484832214300    0.067464703050    0.001000000000    0.000000000000    0.000001596841    0.000000152550    0.000004237132    0.000000383995    0.000000202318    0.000000025887    0.000006036291    0.000000532547    0.000006036292    0.000000532550   -0.000000180405    0.000001302567     600  1.000000000000  0.000000040000  0.001000000000  0.200000000000  0.010000000000  0.000000000000  0.200000      10     101  1.00  1.00  data5012.dat
  0.013947317900    0.000204474402    0.000200000000    0.000000000000    0.057411149300    0.001123775033   14.342425682500    0.208535363718    3.484832214300    0.067464703050    0.001000000000    0.000000000000    0.000001083648    0.000000102277    0.000002872541    0.000000223900    0.000000893721    0.000000099685    0.000004849910    0.000000398107    0.000004849914    0.000000398113   -0.000000696738    0.000002962221     600  1.000000000000  0.000000040000  0.000100000000  0.200000000000  0.010000000000  0.000000000000  0.200000      10     101  1.00  1.00  data5013.dat
  0.013947317900    0.000204474402    0.000200000000    0.000000000000    0.057411149300    0.001123775033   14.342425682500    0.208535363718    3.484832214300    0.067464703050    0.001000000000    0.000000000000    0.000000450930    0.000000051354    0.000001321864    0.000000119315    0.000000811923    0.000000068583    0.000002584717    0.000000209280    0.000002584718    0.000000209284   -0.000000034834    0.000002983476     600  1.000000000000  0.000000040000  0.000010000000  0.200000000000  0.010000000000  0.000000000000  0.200000      10     101  1.00  1.00  data5014.dat
  0.013947317900    0.000204474402    0.000200000000    0.000000000000    0.057411149300    0.001123775033   14.342425682500    0.208535363718    3.484832214300    0.067464703050    0.001000000000    0.000000000000    0.000000276836    0.000000040377    0.000001055886    0.000000115734    0.000000186827    0.000000015623    0.000001519549    0.000000160419    0.000001519548    0.000000160421    0.000000848347    0.000002479273     600  1.000000000000  0.000000040000  0.000001000000  0.200000000000  0.010000000000  0.000000000000  0.200000      10     101  1.00  1.00  data5015.dat
  0.013947317900    0.000204474402    0.000200000000    0.000000000000    0.057411149300    0.001123775033   14.342425682500    0.208535363718    3.484832214300    0.067464703050    0.001000000000    0.000000000000    0.000000256066    0.000000039255    0.000001057914    0.000000116527    0.000000022362    0.000000002046    0.000001336342    0.000000155243    0.000001336339    0.000000155243    0.000002202855    0.000003167809     600  1.000000000000  0.000000040000  0.000000100000  0.200000000000  0.010000000000  0.000000000000  0.200000      10     101  1.00  1.00  data5016.dat
  0.013947317900    0.000204474402    0.000200000000    0.000000000000    0.057411149300    0.001123775033   14.342425682500    0.208535363718    3.484832214300    0.067464703050    0.001000000000    0.000000000000    0.000000253984    0.000000039141    0.000001059716    0.000000116701    0.000000002288    0.000000000215    0.000001315988    0.000000154707    0.000001315985    0.000000154702    0.000002089716    0.000006746478     600  1.000000000000  0.000000040000  0.000000010000  0.200000000000  0.010000000000  0.000000000000  0.200000      10     101  1.00  1.00  data5017.dat
  0.013947317900    0.000204474402    0.000200000000    0.000000000000    0.057411149300    0.001123775033   14.342425682500    0.208535363718    3.484832214300    0.067464703050    0.001000000000    0.000000000000    0.000000253777    0.000000039129    0.000001059921    0.000000116721    0.000000000229    0.000000000022    0.000001313927    0.000000154653    0.000001313927    0.000000154656    0.000000207004    0.000005130932     600  1.000000000000  0.000000040000  0.000000001000  0.200000000000  0.010000000000  0.000000000000  0.200000      10     101  1.00  1.00  data5018.dat
  0.013947317900    0.000204474402    0.000200000000    0.000000000000    0.057411149300    0.001123775033   14.342425682500    0.208535363718    3.484832214300    0.067464703050    0.001000000000    0.000000000000    0.000000253756    0.000000039128    0.000001059942    0.000000116723    0.000000000023    0.000000000002    0.000001313721    0.000000154648    0.000001313718    0.000000154644    0.000001863501    0.000005459673     600  1.000000000000  0.000000040000  0.000000000100  0.200000000000  0.010000000000  0.000000000000  0.200000      10     101  1.00  1.00  data5019.dat


# index 2  EA=1  EI=4e-8  GI variable  ORTHO=0.4
  0.013113969100    0.000180509048    0.000200000000    0.000000000000    0.052883308600    0.000972329095   15.253485425400    0.207663298889    3.783045745100    0.068544210342    0.001000000000    0.000000000000    0.000009521143    0.000001834116    0.000012360873    0.000001056463    0.000000006363    0.000000000766    0.000021888378    0.000002790870    0.000021883092    0.000002784601    0.000212851220    0.000543926159     600  1.000000000000  0.000000040000  0.100000000000  0.400000000000  0.010000000000  0.000000000000  0.200000      10     101  1.00  1.00  data5020.dat
  0.013113969100    0.000180509048    0.000200000000    0.000000000000    0.052883308600    0.000972329095   15.253485425400    0.207663298889    3.783045745100    0.068544210342    0.001000000000    0.000000000000    0.000009477188    0.000001828667    0.000012291764    0.000001049698    0.000000062621    0.000000007541    0.000021831573    0.000002785218    0.000021829897    0.000002783770    0.000069851521    0.000299430154     600  1.000000000000  0.000000040000  0.010000000000  0.400000000000  0.010000000000  0.000000000000  0.200000      10     101  1.00  1.00  data5021.dat
  0.013113969100    0.000180509048    0.000200000000    0.000000000000    0.052883308600    0.000972329095   15.253485425400    0.207663298889    3.783045745100    0.068544210342    0.001000000000    0.000000000000    0.000009081349    0.000001779464    0.000011677093    0.000000991294    0.000000547209    0.000000065182    0.000021305651    0.000002733338    0.000021304877    0.000002731936    0.000029907582    0.000126474178     600  1.000000000000  0.000000040000  0.001000000000  0.400000000000  0.010000000000  0.000000000000  0.200000      10     101  1.00  1.00  data5022.dat
  0.013113969100    0.000180509048    0.000200000000    0.000000000000    0.052883308600    0.000972329095   15.253485425400    0.207663298889    3.783045745100    0.068544210342    0.001000000000    0.000000000000    0.000006965738    0.000001507003    0.000008669201    0.000000746620    0.000002447887    0.000000269483    0.000018082826    0.000002425981    0.000018080406    0.000002423261    0.000117960694    0.000400298739     600  1.000000000000  0.000000040000  0.000100000000  0.400000000000  0.010000000000  0.000000000000  0.200000      10     101  1.00  1.00  data5023.dat
  0.013113969100    0.000180509048    0.000200000000    0.000000000000    0.052883308600    0.000972329095   15.253485425400    0.207663298889    3.783045745100    0.068544210342    0.001000000000    0.000000000000    0.000003772643    0.000001012139    0.000005500341    0.000000639995    0.000002397799    0.000000249243    0.000011670782    0.000001838880    0.000011667395    0.000001834214    0.000242896402    0.000663460182     600  1.000000000000  0.000000040000  0.000010000000  0.400000000000  0.010000000000  0.000000000000  0.200000      10     101  1.00  1.00  data5024.dat
  0.013113969100    0.000180509048    0.000200000000    0.000000000000    0.052883308600    0.000972329095   15.253485425400    0.207663298889    3.783045745100    0.068544210342    0.001000000000    0.000000000000    0.000002564828    0.000000796344    0.000005316778    0.000000745202    0.000000572661    0.000000069526    0.000008454267    0.000001573023    0.000008452032    0.000001569858    0.000213860885    0.000536870899     600  1.000000000000  0.000000040000  0.000001000000  0.400000000000  0.010000000000  0.000000000000  0.200000      10     101  1.00  1.00  data5025.dat
  0.013113969100    0.000180509048    0.000200000000    0.000000000000    0.052883308600    0.000972329095   15.253485425400    0.207663298889    3.783045745100    0.068544210342    0.001000000000    0.000000000000    0.000002384975    0.000000763539    0.000005441364    0.000000775576    0.000000067949    0.000000008765    0.000007894288    0.000001532857    0.000007893429    0.000001532223    0.000095290038    0.000725729547     600  1.000000000000  0.000000040000  0.000000100000  0.400000000000  0.010000000000  0.000000000000  0.200000      10     101  1.00  1.00  data5026.dat
  0.013113969100    0.000180509048    0.000200000000    0.000000000000    0.052883308600    0.000972329095   15.253485425400    0.207663298889    3.783045745100    0.068544210342    0.001000000000    0.000000000000    0.000002365827    0.000000760028    0.000005459761    0.000000779271    0.000000006932    0.000000000901    0.000007832521    0.000001528636    0.000007831839    0.000001528158    0.000076037323    0.000666222643     600  1.000000000000  0.000000040000  0.000000010000  0.400000000000  0.010000000000  0.000000000000  0.200000      10     101  1.00  1.00  data5027.dat
  0.013113969100    0.000180509048    0.000200000000    0.000000000000    0.052883308600    0.000972329095   15.253485425400    0.207663298889    3.783045745100    0.068544210342    0.001000000000    0.000000000000    0.000002363901    0.000000759676    0.000005461679    0.000000779646    0.000000000695    0.000000000090    0.000007826275    0.000001528212    0.000007826542    0.000001528985   -0.000022051219    0.000377203844     600  1.000000000000  0.000000040000  0.000000001000  0.400000000000  0.010000000000  0.000000000000  0.200000      10     101  1.00  1.00  data5028.dat
  0.013113969100    0.000180509048    0.000200000000    0.000000000000    0.052883308600    0.000972329095   15.253485425400    0.207663298889    3.783045745100    0.068544210342    0.001000000000    0.000000000000    0.000002363707    0.000000759640    0.000005461874    0.000000779684    0.000000000069    0.000000000009    0.000007825650    0.000001528170    0.000007823717    0.000001525068    0.000192721573    0.000421226523     600  1.000000000000  0.000000040000  0.000000000100  0.400000000000  0.010000000000  0.000000000000  0.200000      10     101  1.00  1.00  data5029.dat


# index 3  EA=1  EI=4e-8  GI variable  ORTHO=0.6
  0.012728869900    0.000142227747    0.000200000000    0.000000000000    0.050822261100    0.000756930122   15.714082537100    0.175880511230    3.936070936400    0.058754828679    0.001000000000    0.000000000000    0.000028296115    0.000006976372    0.000024215144    0.000002319213    0.000000011959    0.000000001677    0.000052523218    0.000009192157    0.000052523095    0.000009192267    0.000002748891    0.000007149644     600  1.000000000000  0.000000040000  0.100000000000  0.600000000000  0.010000000000  0.000000000000  0.200000      10     105  1.00  1.00  data5030.dat
  0.012469569900    0.000082493191    0.000200000000    0.000000000000    0.049445765100    0.000436285056   16.039676129800    0.105911202190    4.045118498400    0.035602411331    0.001000000000    0.000000000000    0.000026546214    0.000002626073    0.000024269701    0.000001989359    0.000000120801    0.000000011480    0.000050936715    0.000004376742    0.000050936691    0.000004376745    0.000000485173    0.000001875473     600  1.000000000000  0.000000040000  0.010000000000  0.600000000000  0.010000000000  0.000000000000  0.200000      10     115  1.00  1.00  data5031.dat
  0.012705649900    0.000133692267    0.000200000000    0.000000000000    0.050698542300    0.000710582755   15.742606683100    0.166620716762    3.945589605100    0.055734206162    0.001000000000    0.000000000000    0.000028320277    0.000006003830    0.000023984736    0.000002026801    0.000001081297    0.000000126711    0.000053386310    0.000007762760    0.000053386302    0.000007762781    0.000000207308    0.000000797160     600  1.000000000000  0.000000040000  0.001000000000  0.600000000000  0.010000000000  0.000000000000  0.200000      10     125  1.00  1.00  data5032.dat
  0.012529397800    0.000207855149    0.000200000000    0.000000000000    0.049764642300    0.001098968154   15.966451618500    0.267430426109    4.020704850900    0.089934909472    0.001000000000    0.000000000000    0.000022516720    0.000004769474    0.000018013307    0.000001936741    0.000004499350    0.000000669531    0.000045029378    0.000006683510    0.000045029287    0.000006683537    0.000002105898    0.000006652417     600  1.000000000000  0.000000040000  0.000100000000  0.600000000000  0.010000000000  0.000000000000  0.200000      10     135  1.00  1.00  data5033.dat
  0.012599743200    0.000154261173    0.000200000000    0.000000000000    0.050136261000    0.000818537114   15.875479195200    0.194198163722    3.990084782300    0.065067858270    0.001000000000    0.000000000000    0.000013624069    0.000002829031    0.000013605679    0.000001293913    0.000005198604    0.000000625094    0.000032428352    0.000004441360    0.000032426652    0.000004441593    0.000053355690    0.000163539763     600  1.000000000000  0.000000040000  0.000010000000  0.600000000000  0.010000000000  0.000000000000  0.200000      10     101  1.00  1.00  data5034.dat
  0.012500128200    0.000216265259    0.000200000000    0.000000000000    0.049609932300    0.001143906694   16.004158632000    0.277679959932    4.033387283800    0.093356435179    0.001000000000    0.000000000000    0.000011081641    0.000002155176    0.000014231095    0.000001644372    0.000001250240    0.000000188258    0.000026562976    0.000003828147    0.000026562974    0.000003828145    0.000000056223    0.000000148670     600  1.000000000000  0.000000040000  0.000001000000  0.600000000000  0.010000000000  0.000000000000  0.200000      10     145  1.00  1.00  data5035.dat
  0.012524551400    0.000257497029    0.000200000000    0.000000000000    0.049740450800    0.001360755513   15.974785299800    0.332398267840    4.023625415800    0.111850745637    0.001000000000    0.000000000000    0.000009863215    0.000001501935    0.000014517021    0.000001020290    0.000000150971    0.000000018826    0.000024531207    0.000002378868    0.000024531234    0.000002378860   -0.000001122759    0.000003816780     600  1.000000000000  0.000000040000  0.000000100000  0.600000000000  0.010000000000  0.000000000000  0.200000      10     155  1.00  1.00  data5036.dat
  0.012541995300    0.000128166133    0.000200000000    0.000000000000    0.049829658200    0.000679395053   15.947919001600    0.162351877959    4.014342010200    0.054455889242    0.001000000000    0.000000000000    0.000009395406    0.000001992125    0.000013473115    0.000001812053    0.000000014714    0.000000001256    0.000022883234    0.000003544044    0.000022883052    0.000003544162    0.000008766914    0.000021503696     600  1.000000000000  0.000000040000  0.000000010000  0.600000000000  0.010000000000  0.000000000000  0.200000      10     165  1.00  1.00  data5037.dat
  0.012595890700    0.000144149990    0.000200000000    0.000000000000    0.050115634000    0.000764273615   15.880072539300    0.182373159336    3.991609881200    0.061158093366    0.001000000000    0.000000000000    0.000008544138    0.000002476237    0.000014063470    0.000002050436    0.000000001549    0.000000000141    0.000022609157    0.000004466299    0.000022604606    0.000004461702    0.000171168649    0.000535421207     600  1.000000000000  0.000000040000  0.000000001000  0.600000000000  0.010000000000  0.000000000000  0.200000      10     175  1.00  1.00  data5038.dat
  0.012583709900    0.000135847565    0.000200000000    0.000000000000    0.050050881000    0.000720299389   15.895232966200    0.171785162779    3.996679646800    0.057601694107    0.001000000000    0.000000000000    0.000010836489    0.000001724131    0.000015418788    0.000001975419    0.000000000155    0.000000000014    0.000026255432    0.000003561187    0.000026255202    0.000003561280    0.000009210345    0.000025556275     600  1.000000000000  0.000000040000  0.000000000100  0.600000000000  0.010000000000  0.000000000000  0.200000      10     185  1.00  1.00  data5039.dat


# index 4  EA=1  EI=4e-8  GI variable  ORTHO=0.8
  0.012289976200    0.000185351140    0.000200000000    0.000000000000    0.048500301600    0.000977142912   16.276717952300    0.242691589972    4.125169599800    0.081855497346    0.001000000000    0.000000000000    0.000055361303    0.000006278357    0.000038180405    0.000002320023    0.000000019345    0.000000001743    0.000093561053    0.000007229922    0.000093560813    0.000007230395    0.000002974828    0.000009697858     600  1.000000000000  0.000000040000  0.100000000000  0.800000000000  0.010000000000  0.000000000000  0.200000      10     186  1.00  1.00  data5040.dat
  0.012304836600    0.000148901972    0.000200000000    0.000000000000    0.048577725800    0.000783890677   16.255912041400    0.196554366408    4.118077240400    0.066380636504    0.001000000000    0.000000000000    0.000050982897    0.000010343116    0.000036743509    0.000003666662    0.000000171569    0.000000025343    0.000087897974    0.000013469636    0.000087897540    0.000013469921    0.000005430643    0.000014474937     600  1.000000000000  0.000000040000  0.010000000000  0.800000000000  0.010000000000  0.000000000000  0.200000      10     196  1.00  1.00  data5041.dat
  0.012424500000    0.000121113133    0.000200000000    0.000000000000    0.049208112667    0.000639672561   16.098585687889    0.156775132800    4.064980208000    0.052773482215    0.001000000000    0.000000000000    0.000051565634    0.000006985085    0.000037259346    0.000003507507    0.000001586745    0.000000137257    0.000090411724    0.000009917807    0.000090411789    0.000009918017   -0.000000533319    0.000002062493     600  1.000000000000  0.000000040000  0.001000000000  0.800000000000  0.010000000000  0.000000000000  0.200000       9     206  1.00  1.00  data5042.dat
  0.012295031889    0.000275120302    0.000200000000    0.000000000000    0.048529526333    0.001442312302   16.274145550889    0.372791075151    4.124541718222    0.126471706529    0.001000000000    0.000000000000    0.000040795491    0.000002919559    0.000029101229    0.000003629947    0.000006855555    0.000000766913    0.000076752275    0.000006407626    0.000076752289    0.000006407619   -0.000000185423    0.000000646852     600  1.000000000000  0.000000040000  0.000100000000  0.800000000000  0.010000000000  0.000000000000  0.200000       9     216  1.00  1.00  data5043.dat
  0.012296154300    0.000135056655    0.000200000000    0.000000000000    0.048531779300    0.000711026873   16.267009940100    0.178246111283    4.121804699700    0.060196077840    0.001000000000    0.000000000000    0.000025758351    0.000006522214    0.000022311197    0.000002682283    0.000007654125    0.000001065565    0.000055723673    0.000009640846    0.000055723668    0.000009640846    0.000000093768    0.000000722132     600  1.000000000000  0.000000040000  0.000010000000  0.800000000000  0.010000000000  0.000000000000  0.200000      10     226  1.00  1.00  data5044.dat
  0.012283941100    0.000178255331    0.000200000000    0.000000000000    0.048468389600    0.000937866608   16.284503795600    0.236173775010    4.127790469100    0.079812363930    0.001000000000    0.000000000000    0.000024187195    0.000005042810    0.000025673651    0.000002256181    0.000002064522    0.000000273251    0.000051925369    0.000006961607    0.000051925427    0.000006961646   -0.000001025730    0.000008450746     600  1.000000000000  0.000000040000  0.000001000000  0.800000000000  0.010000000000  0.000000000000  0.200000      10     236  1.00  1.00  data5045.dat
  0.012326929700    0.000159439700    0.000200000000    0.000000000000    0.048694259400    0.000839190376   16.227093322400    0.210727554529    4.108364295100    0.071182128662    0.001000000000    0.000000000000    0.000021929356    0.000003765196    0.000026408370    0.000003271971    0.000000260652    0.000000035747    0.000048598377    0.000006894578    0.000048598417    0.000006894633   -0.000000694479    0.000002911845     600  1.000000000000  0.000000040000  0.000000100000  0.800000000000  0.010000000000  0.000000000000  0.200000      10     246  1.00  1.00  data5046.dat
  0.012283223700    0.000127332543    0.000200000000    0.000000000000    0.048463617100    0.000669878573   16.283944752400    0.168755101463    4.127516543400    0.057029026559    0.001000000000    0.000000000000    0.000021550427    0.000003989692    0.000026575482    0.000002868064    0.000000025380    0.000000003720    0.000048151288    0.000006657391    0.000048151282    0.000006657425    0.000000222724    0.000001339948     600  1.000000000000  0.000000040000  0.000000010000  0.800000000000  0.010000000000  0.000000000000  0.200000      10     256  1.00  1.00  data5047.dat
  0.012309055900    0.000210175647    0.000200000000    0.000000000000    0.048601339700    0.001108887953   16.252408892200    0.273937876173    4.117008201600    0.092325965649    0.001000000000    0.000000000000    0.000021691666    0.000003099380    0.000026193190    0.000002246500    0.000000002433    0.000000000235    0.000047887289    0.000004519612    0.000047887154    0.000004519759    0.000003102214    0.000009548312     600  1.000000000000  0.000000040000  0.000000001000  0.800000000000  0.010000000000  0.000000000000  0.200000      10     266  1.00  1.00  data5048.dat
  0.012248708600    0.000143939790    0.000200000000    0.000000000000    0.048282422200    0.000757087644   16.330272439300    0.191040047072    4.143205477300    0.064577400418    0.001000000000    0.000000000000    0.000023150559    0.000006963452    0.000026508118    0.000003889444    0.000000000257    0.000000000037    0.000049658934    0.000010721852    0.000049658745    0.000010722005    0.000004540709    0.000013906266     600  1.000000000000  0.000000040000  0.000000000100  0.800000000000  0.010000000000  0.000000000000  0.200000      10     276  1.00  1.00  data5049.dat


# index 5  EA=1  EI=4e-8  GI variable  ORTHO=1.0
  0.012257854900    0.000208176567    0.000200000000    0.000000000000    0.048331958200    0.001093104208   16.320335393900    0.279193569758    4.139972751500    0.094544536704    0.001000000000    0.000000000000    0.000069315158    0.000011183585    0.000046852664    0.000005838480    0.000000022755    0.000000003333    0.000116190577    0.000016652275    0.000116190053    0.000016652186    0.000004411538    0.000013935589     600  1.000000000000  0.000000040000  0.100000000000  1.000000000000  0.010000000000  0.000000000000  0.200000      10     105  1.00  1.00  shear/data010.dat
  0.012257854900    0.000208176567    0.000200000000    0.000000000000    0.048331958200    0.001093104208   16.320335393900    0.279193569758    4.139972751500    0.094544536704    0.001000000000    0.000000000000    0.000069099363    0.000011149222    0.000046664171    0.000005819086    0.000000223907    0.000000032847    0.000115987440    0.000016624779    0.000115987457    0.000016624782   -0.000000144661    0.000000477072     600  1.000000000000  0.000000040000  0.010000000000  1.000000000000  0.010000000000  0.000000000000  0.200000      10     105  1.00  1.00  shear/data009.dat
  0.012257854900    0.000208176567    0.000200000000    0.000000000000    0.048331958200    0.001093104208   16.320335393900    0.279193569758    4.139972751500    0.094544536704    0.001000000000    0.000000000000    0.000067149399    0.000010839465    0.000045012764    0.000005651161    0.000001948658    0.000000285423    0.000114110822    0.000016370993    0.000114110206    0.000016370894    0.000005288834    0.000016698518     600  1.000000000000  0.000000040000  0.001000000000  1.000000000000  0.010000000000  0.000000000000  0.200000      10     105  1.00  1.00  shear/data008.dat
  0.012257854900    0.000208176567    0.000200000000    0.000000000000    0.048331958200    0.001093104208   16.320335393900    0.279193569758    4.139972751500    0.094544536704    0.001000000000    0.000000000000    0.000056423522    0.000009190362    0.000037315870    0.000004961009    0.000008861461    0.000001236969    0.000102600853    0.000014861945    0.000102600443    0.000014861897    0.000003934376    0.000012356479     600  1.000000000000  0.000000040000  0.000100000000  1.000000000000  0.010000000000  0.000000000000  0.200000      10     105  1.00  1.00  shear/data007.dat
  0.012257854900    0.000208176567    0.000200000000    0.000000000000    0.048331958200    0.001093104208   16.320335393900    0.279193569758    4.139972751500    0.094544536704    0.001000000000    0.000000000000    0.000037763789    0.000006539446    0.000030024311    0.000004700213    0.000010022554    0.000001273550    0.000077810653    0.000011901244    0.000077811421    0.000011901310   -0.000009749408    0.000030843515     600  1.000000000000  0.000000040000  0.000010000000  1.000000000000  0.010000000000  0.000000000000  0.200000      10     105  1.00  1.00  shear/data006.dat
  0.012257854900    0.000208176567    0.000200000000    0.000000000000    0.048331958200    0.001093104208   16.320335393900    0.279193569758    4.139972751500    0.094544536704    0.001000000000    0.000000000000    0.000029306944    0.000005463833    0.000031977996    0.000005291711    0.000002557464    0.000000298576    0.000063842404    0.000010514963    0.000063842277    0.000010514948    0.000001949558    0.000006191935     600  1.000000000000  0.000000040000  0.000001000000  1.000000000000  0.010000000000  0.000000000000  0.200000      10     105  1.00  1.00  shear/data005.dat
  0.012257854900    0.000208176567    0.000200000000    0.000000000000    0.048331958200    0.001093104208   16.320335393900    0.279193569758    4.139972751500    0.094544536704    0.001000000000    0.000000000000    0.000027973086    0.000005301690    0.000033064016    0.000005457761    0.000000303304    0.000000035001    0.000061340406    0.000010310238    0.000061340590    0.000010310264   -0.000002939892    0.000009239060     600  1.000000000000  0.000000040000  0.000000100000  1.000000000000  0.010000000000  0.000000000000  0.200000      10     105  1.00  1.00  shear/data004.dat
  0.012204411400    0.000166168877    0.000200000000    0.000000000000    0.048050196200    0.000874432593   16.390211897700    0.219929917640    4.163530784000    0.074310357459    0.001000000000    0.000000000000    0.000026325871    0.000005181849    0.000033325712    0.000003449016    0.000000031959    0.000000004932    0.000059683542    0.000008179722    0.000059683539    0.000008179721    0.000000063210    0.000000117901     600  1.000000000000  0.000000040000  0.000000010000  1.000000000000  0.010000000000  0.000000000000  0.200000      10     102  1.00  1.00  shear/datb0003.dat
  0.012257854900    0.000208176567    0.000200000000    0.000000000000    0.048331958200    0.001093104208   16.320335393900    0.279193569758    4.139972751500    0.094544536704    0.001000000000    0.000000000000    0.000027830469    0.000005284350    0.000033203393    0.000005476989    0.000000030923    0.000000003567    0.000061064786    0.000010288802    0.000061064739    0.000010288792    0.000000744443    0.000002195709     600  1.000000000000  0.000000040000  0.000000010000  1.000000000000  0.010000000000  0.000000000000  0.200000      10     105  1.00  1.00  shear/data003.dat
  0.012257854900    0.000208176567    0.000200000000    0.000000000000    0.048331958200    0.001093104208   16.320335393900    0.279193569758    4.139972751500    0.094544536704    0.001000000000    0.000000000000    0.000027816105    0.000005282600    0.000033217724    0.000005478943    0.000000003098    0.000000000357    0.000061036927    0.000010286648    0.000061036812    0.000010286634    0.000001853643    0.000005938228     600  1.000000000000  0.000000040000  0.000000001000  1.000000000000  0.010000000000  0.000000000000  0.200000      10     105  1.00  1.00  shear/data002.dat
  0.012257854900    0.000208176567    0.000200000000    0.000000000000    0.048331958200    0.001093104208   16.320335393900    0.279193569758    4.139972751500    0.094544536704    0.001000000000    0.000000000000    0.000027814669    0.000005282428    0.000033219160    0.000005479137    0.000000000310    0.000000000036    0.000061034139    0.000010286433    0.000061034193    0.000010286439   -0.000000871404    0.000002792943     600  1.000000000000  0.000000040000  0.000000000100  1.000000000000  0.010000000000  0.000000000000  0.200000      10     105  1.00  1.00  shear/data001.dat


# index 6  EA=1  EI variable  GI=1e-9  ORTHO=0.1
  0.014377892400    0.000408906232    0.100000000000    0.000000000000    0.007533370000    0.000286083618   13.919163484800    0.392020528401   26.578811466800    0.996313966182    0.500000000000    0.000000000000    0.000009999215    0.000000832500    0.000000206285    0.000000038560    0.000000000183    0.000000000004    0.000010205683    0.000000866600    0.000010608105    0.000001512971   -0.032045344442    0.057847701236     600  1.000000000000  0.010000000000  0.000000001000  0.100000000000  0.010000000000  0.000000000000  0.200000       5     300  1.00  1.00  data5115.dat
  0.014403142750    0.000367352470    0.031622777000    0.000000000000    0.011082984750    0.000377136171   13.892605847500    0.352775400771   18.061272159250    0.611001252044    0.158113883000    0.000000000000    0.000008976236    0.000000482118    0.000000446394    0.000000060829    0.000000000182    0.000000000004    0.000009422812    0.000000524987    0.000009418835    0.000000522744    0.000413077822    0.000696172023     600  1.000000000000  0.001000000000  0.000000001000  0.100000000000  0.010000000000  0.000000000000  0.200000       4     300  1.00  1.00  data5110.dat
  0.014634042556    0.000240257686    0.010000000000    0.000000000000    0.016615328444    0.000363019163   13.670075930000    0.226996521311   12.042264565556    0.267121538612    0.050000000000    0.000000000000    0.000007053638    0.000000430535    0.000000794932    0.000000132342    0.000000000176    0.000000000003    0.000007848745    0.000000543595    0.000007847758    0.000000544161    0.000131547154    0.000329998839     600  1.000000000000  0.000100000000  0.000000001000  0.100000000000  0.010000000000  0.000000000000  0.200000       9     105  1.00  1.00  data5050.dat
  0.014484753900    0.000160620641    0.003162278000    0.000000000000    0.024056115400    0.000355670745   13.809150103200    0.153154935667    8.315530328700    0.122973438815    0.015811388000    0.000000000000    0.000004636240    0.000000284639    0.000001212770    0.000000097862    0.000000000167    0.000000000004    0.000005849177    0.000000334132    0.000005851201    0.000000334616   -0.000340985287    0.001161501192     600  1.000000000000  0.000010000000  0.000000001000  0.100000000000  0.010000000000  0.000000000000  0.200000      10     115  1.00  1.00  data5051.dat
  0.014641218100    0.000150645565    0.001000000000    0.000000000000    0.035818890300    0.000491684256   13.661362744700    0.140072250541    5.584588405600    0.076302307500    0.005000000000    0.000000000000    0.000001741365    0.000000160510    0.000001193395    0.000000060496    0.000000000158    0.000000000010    0.000002934918    0.000000205671    0.000002934720    0.000000205567    0.000065382400    0.000135520470     600  1.000000000000  0.000001000000  0.000000001000  0.100000000000  0.010000000000  0.000000000000  0.200000      10     125  1.00  1.00  data5052.dat
  0.014554740800    0.000260103492    0.000316228000    0.000000000000    0.052163538500    0.001242723592   13.745180589900    0.245817330712    3.836056924300    0.091478568958    0.001581139000    0.000000000000    0.000000230430    0.000000018167    0.000000543869    0.000000029124    0.000000000154    0.000000000007    0.000000774453    0.000000043703    0.000000774603    0.000000043834   -0.000185585402    0.000491112984     600  1.000000000000  0.000000100000  0.000000001000  0.100000000000  0.010000000000  0.000000000000  0.200000      10     135  1.00  1.00  data5053.dat
  0.014421990900    0.000223732026    0.000100000000    0.000000000000    0.075634711000    0.001566411929   13.870692320600    0.213551942892    2.645299246200    0.054232963108    0.000500000000    0.000000000000    0.000000013700    0.000000001942    0.000000116567    0.000000008018    0.000000000168    0.000000000023    0.000000130435    0.000000009050    0.000000130437    0.000000009051   -0.000017329678    0.000048310026     600  1.000000000000  0.000000010000  0.000000001000  0.100000000000  0.010000000000  0.000000000000  0.200000      10     145  1.00  1.00  data5054.dat
  0.014453848900    0.000339918166    0.000031623000    0.000000000000    0.111350636400    0.003492277975   13.844023794200    0.325055581546    1.797715722100    0.056261323966    0.000158114000    0.000000000000    0.000000000412    0.000000000096    0.000000014667    0.000000001692    0.000000000169    0.000000000013    0.000000015248    0.000000001746    0.000000015242    0.000000001745    0.000420875304    0.001115208489     600  1.000000000000  0.000000001000  0.000000001000  0.100000000000  0.010000000000  0.000000000000  0.200000      10     155  1.00  1.00  data5055.dat
  0.014399604500    0.000195152519    0.000010000000    0.000000000000    0.162611039100    0.002940354827   13.891557789700    0.187571388467    1.230288927900    0.022136708435    0.000050000000    0.000000000000    0.000000000007    0.000000000002    0.000000001456    0.000000000121    0.000000000153    0.000000000011    0.000000001616    0.000000000127    0.000000001616    0.000000000127    0.000004368379    0.000044268999     600  1.000000000000  0.000000000100  0.000000001000  0.100000000000  0.010000000000  0.000000000000  0.200000      10     165  1.00  1.00  data5056.dat
  0.014513665800    0.000217026469    0.000003162000    0.000000000000    0.241206434100    0.004813181583   13.782875525200    0.205066133078    0.829460471800    0.016441092388    0.000015811000    0.000000000000    0.000000000000    0.000000000000    0.000000000197    0.000000000021    0.000000000105    0.000000000010    0.000000000302    0.000000000030    0.000000000247    0.000000000188   -0.194472794159    0.615011020731     600  1.000000000000  0.000000000010  0.000000001000  0.100000000000  0.010000000000  0.000000000000  0.200000      10     175  1.00  1.00  data5057.dat
  0.014467399100    0.000298488607    0.000001000000    0.000000000000    0.352552839000    0.009706357628   13.829454954600    0.283859309882    0.567675372300    0.015521975166    0.000005000000    0.000000000000    0.000000000000    0.000000000000    0.000000000464    0.000000000110    0.000000000307    0.000000000057    0.000000000771    0.000000000164    0.000000000771    0.000000000164    0.000000018758    0.000000057848     600  1.000000000000  0.000000000001  0.000000001000  0.100000000000  0.010000000000  0.000000000000  0.200000      10     300  1.00  1.00  data5105.dat
  0.014467399100    0.000298488607    0.000000316000    0.000000000000    0.517476799100    0.014246984660   13.829454954600    0.283859309882    0.386752729000    0.010574998402    0.000001581000    0.000000000000    0.000000000000    0.000000000000    0.000000000395    0.000000000115    0.000000000128    0.000000000038    0.000000000522    0.000000000148    0.000000000522    0.000000000148   -0.000000010772    0.000000030832     600  1.000000000000  0.0000000000001 0.000000001000  0.100000000000  0.010000000000  0.000000000000  0.200000      10     300  1.00  1.00  data5100.dat


# index 7  EA=1  EI variable  GI=1e-9  ORTHO=0.2
  0.014058457000    0.000413976889    0.100000000000    0.000000000000    0.007310933667    0.000286268120   14.234669356667    0.425706236951   27.384859996333    1.094647708199    0.500000000000    0.000000000000    0.000037789560    0.000002017410    0.000000798944    0.000000037398    0.000000000178    0.000000000005    0.000038588683    0.000002020118    0.000038578009    0.000002029401    0.000285844328    0.002006419554     600  1.000000000000  0.010000000000  0.000000001000  0.200000000000  0.010000000000  0.000000000000  0.200000       3     300  1.00  1.00  data5116.dat
  0.014052094750    0.000338250138    0.031622777000    0.000000000000    0.010724165000    0.000343349515   14.239030018000    0.347697083089   18.664093210000    0.609083737430    0.158113883000    0.000000000000    0.000033955433    0.000001570207    0.000001668859    0.000000081019    0.000000000175    0.000000000005    0.000035624467    0.000001639945    0.000035592164    0.000001685360    0.000957684281    0.003035715741     600  1.000000000000  0.001000000000  0.000000001000  0.200000000000  0.010000000000  0.000000000000  0.200000       4     300  1.00  1.00  data5111.dat
  0.014148150500    0.000219883926    0.010000000000    0.000000000000    0.015883761500    0.000328320571   14.139156282250    0.223045415672   12.596279016125    0.265595553247    0.050000000000    0.000000000000    0.000026517641    0.000001281251    0.000002924076    0.000000181709    0.000000000168    0.000000000004    0.000029441885    0.000001397182    0.000029443235    0.000001398729   -0.000043797654    0.000087495385     600  1.000000000000  0.000100000000  0.000000001000  0.200000000000  0.010000000000  0.000000000000  0.200000       8     105  1.00  1.00  data5060.dat
  0.013944563500    0.000160969840    0.003162278000    0.000000000000    0.022867453125    0.000352297644   14.344169962625    0.164628167179    8.747857547125    0.133735030895    0.015811388000    0.000000000000    0.000017197307    0.000000695745    0.000004758053    0.000000348473    0.000000000155    0.000000000004    0.000021955515    0.000000747949    0.000021951813    0.000000742830    0.000162111559    0.000533296917     600  1.000000000000  0.000010000000  0.000000001000  0.200000000000  0.010000000000  0.000000000000  0.200000       8     115  1.00  1.00  data5061.dat
  0.014050328222    0.000092374869    0.001000000000    0.000000000000    0.033904109222    0.000297040759   14.235091709444    0.093904840435    5.899394301222    0.051917858760    0.005000000000    0.000000000000    0.000005827369    0.000000509100    0.000004531738    0.000000146194    0.000000000164    0.000000000010    0.000010359271    0.000000569057    0.000010359283    0.000000569089   -0.000001052722    0.000011025089     600  1.000000000000  0.000001000000  0.000000001000  0.200000000000  0.010000000000  0.000000000000  0.200000       9     125  1.00  1.00  data5062.dat
  0.014025597200    0.000232733353    0.000316228000    0.000000000000    0.049649979700    0.001097971670   14.263185998600    0.237296293968    4.029978745800    0.089431567579    0.001581139000    0.000000000000    0.000000700279    0.000000082598    0.000001832731    0.000000134985    0.000000000207    0.000000000014    0.000002533217    0.000000209402    0.000002504192    0.000000245097    0.013675861356    0.043168525605     600  1.000000000000  0.000000100000  0.000000001000  0.200000000000  0.010000000000  0.000000000000  0.200000      10     135  1.00  1.00  data5063.dat
  0.013891887900    0.000218127214    0.000100000000    0.000000000000    0.071950929700    0.001507853912   14.400067248300    0.224772479869    2.780762409100    0.057817624161    0.000500000000    0.000000000000    0.000000042442    0.000000008487    0.000000369946    0.000000045833    0.000000000264    0.000000000030    0.000000412653    0.000000051143    0.000000412647    0.000000051140    0.000013226720    0.000032517189     600  1.000000000000  0.000000010000  0.000000001000  0.200000000000  0.010000000000  0.000000000000  0.200000      10     145  1.00  1.00  data5064.dat
  0.013955954100    0.000320077134    0.000031623000    0.000000000000    0.106265370300    0.003248044911   14.337604662600    0.329690060595    1.883669470900    0.057775985811    0.000158114000    0.000000000000    0.000000001198    0.000000000407    0.000000046128    0.000000004473    0.000000000282    0.000000000031    0.000000047608    0.000000004858    0.000000047608    0.000000004857    0.000006108413    0.000015514964     600  1.000000000000  0.000000001000  0.000000001000  0.200000000000  0.010000000000  0.000000000000  0.200000      10     155  1.00  1.00  data5065.dat
  0.013868735600    0.000190033435    0.000010000000    0.000000000000    0.154667399300    0.002826982555   14.423356486800    0.197173872250    1.293484882400    0.023568895957    0.000050000000    0.000000000000    0.000000000022    0.000000000007    0.000000004428    0.000000000491    0.000000000255    0.000000000019    0.000000004706    0.000000000502    0.000000004706    0.000000000502    0.000038284870    0.000112287379     600  1.000000000000  0.000000000100  0.000000001000  0.200000000000  0.010000000000  0.000000000000  0.200000      10     165  1.00  1.00  data5066.dat
  0.013941873800    0.000180753027    0.000003162000    0.000000000000    0.228617480700    0.003958453337   14.347423035900    0.184207549806    0.875056754000    0.014955836643    0.000015811000    0.000000000000    0.000000000001    0.000000000000    0.000000000534    0.000000000117    0.000000000186    0.000000000030    0.000000000721    0.000000000144    0.000000000721    0.000000000144    0.000005849600    0.000033423532     600  1.000000000000  0.000000000010  0.000000001000  0.200000000000  0.010000000000  0.000000000000  0.200000      10     175  1.00  1.00  data5067.dat
  0.013921427400    0.000277894082    0.000001000000    0.000000000000    0.334923970900    0.008925716246   14.371455404000    0.284605308918    0.597528272200    0.015756191022    0.000005000000    0.000000000000    0.000000000000    0.000000000000    0.000000000477    0.000000000083    0.000000000263    0.000000000062    0.000000000740    0.000000000140    0.000000000740    0.000000000140    0.000000979609    0.000002223038     600  1.000000000000  0.000000000001  0.000000001000  0.200000000000  0.010000000000  0.000000000000  0.200000      10     300  1.00  1.00  data5106.dat
  0.013921427400    0.000277894082    0.000000316000    0.000000000000    0.491601159100    0.013101159740   14.371455404000    0.284605308918    0.407091272900    0.010734567966    0.000001581000    0.000000000000    0.000000000000    0.000000000000    0.000000000469    0.000000000081    0.000000000126    0.000000000028    0.000000000595    0.000000000107    0.000000000595    0.000000000107    0.000000206265    0.000000620175     600  1.000000000000  0.0000000000001 0.000000001000  0.200000000000  0.010000000000  0.000000000000  0.200000      10     300  1.00  1.00  data5101.dat


# index 8  EA=1  EI variable  GI=1e-9  ORTHO=0.4
  0.013057577400    0.000368806333    0.100000000000    0.000000000000    0.006625392200    0.000249952785   15.326446143200    0.427956760065   30.220777566400    1.122835728364    0.500000000000    0.000000000000    0.000138975917    0.000004899263    0.000003258568    0.000000114501    0.000000000163    0.000000000003    0.000142234648    0.000004810160    0.000142081012    0.000005015114    0.001125394245    0.002578424032     600  1.000000000000  0.010000000000  0.000000001000  0.400000000000  0.010000000000  0.000000000000  0.200000       5     300  1.00  1.00  data5117.dat
  0.013057577400    0.000368806333    0.031622777000    0.000000000000    0.009724745800    0.000366880390   15.326446143200    0.427956760065   20.589176076800    0.764979076717    0.158113883000    0.000000000000    0.000124712414    0.000004808497    0.000006557609    0.000000163545    0.000000000159    0.000000000003    0.000131270181    0.000004912598    0.000131258439    0.000004927142    0.000092930000    0.000202108222     600  1.000000000000  0.001000000000  0.000000001000  0.400000000000  0.010000000000  0.000000000000  0.200000       5     300  1.00  1.00  data5112.dat
  0.013266316571    0.000135819146    0.010000000000    0.000000000000    0.014577257000    0.000199023996   15.077127718857    0.154187586220   13.722191413286    0.187074280660    0.050000000000    0.000000000000    0.000098676445    0.000003703864    0.000010963258    0.000000808247    0.000000000152    0.000000000004    0.000109639855    0.000003720738    0.000109638062    0.000003721816    0.000016649304    0.000045774005     600  1.000000000000  0.000100000000  0.000000001000  0.400000000000  0.010000000000  0.000000000000  0.200000       7     105  1.00  1.00  data5070.dat
  0.013030673000    0.000182466340    0.003162278000    0.000000000000    0.020891652300    0.000390656324   15.351085187600    0.212972534190    9.576177679700    0.176864078197    0.015811388000    0.000000000000    0.000063795094    0.000003747731    0.000016098505    0.000001119915    0.000000000146    0.000000000005    0.000079893746    0.000004143311    0.000079882843    0.000004135285    0.000132042735    0.000439534517     600  1.000000000000  0.000010000000  0.000000001000  0.400000000000  0.010000000000  0.000000000000  0.200000      10     115  1.00  1.00  data5071.dat
  0.013279967889    0.000163418695    0.001000000000    0.000000000000    0.031449158333    0.000515969851   15.062305390667    0.185431545433    6.360993225333    0.104421602894    0.005000000000    0.000000000000    0.000026812277    0.000003030909    0.000015636422    0.000000712272    0.000000000218    0.000000000014    0.000042448916    0.000003313682    0.000042448838    0.000003313791    0.000002014144    0.000006598338     600  1.000000000000  0.000001000000  0.000000001000  0.400000000000  0.010000000000  0.000000000000  0.200000       9     125  1.00  1.00  data5072.dat
  0.013139337000    0.000193920729    0.000316228000    0.000000000000    0.045511052100    0.000894682573   15.224470475700    0.226032356073    4.396077932900    0.087107164564    0.001581139000    0.000000000000    0.000005172962    0.000000582166    0.000008070937    0.000000546067    0.000000000486    0.000000000045    0.000013244385    0.000000902163    0.000013242587    0.000000903950    0.000144699101    0.000465201856     600  1.000000000000  0.000000100000  0.000000001000  0.400000000000  0.010000000000  0.000000000000  0.200000      10     135  1.00  1.00  data5073.dat
  0.013043354600    0.000210918203    0.000100000000    0.000000000000    0.066151818000    0.001426391359   15.337085711800    0.247888043499    3.024613031200    0.065175472337    0.000500000000    0.000000000000    0.000000505718    0.000000152353    0.000002404162    0.000000429055    0.000000001080    0.000000000131    0.000002910961    0.000000566863    0.000002910968    0.000000566864   -0.000002358226    0.000016760499     600  1.000000000000  0.000000010000  0.000000001000  0.400000000000  0.010000000000  0.000000000000  0.200000      10     145  1.00  1.00  data5074.dat
  0.013088921500    0.000281391627    0.000031623000    0.000000000000    0.097554061300    0.002793158151   15.286498238000    0.330871065391    2.051672209100    0.059276509513    0.000158114000    0.000000000000    0.000000011708    0.000000004907    0.000000312379    0.000000070314    0.000000001238    0.000000000268    0.000000325325    0.000000074852    0.000000325325    0.000000074852   -0.000000087216    0.000000113837     600  1.000000000000  0.000000001000  0.000000001000  0.400000000000  0.010000000000  0.000000000000  0.200000      10     155  1.00  1.00  data5075.dat
  0.013060678800    0.000106669237    0.000010000000    0.000000000000    0.142766660500    0.001553092433   15.314064767200    0.125853749734    1.401037733700    0.015368222644    0.000050000000    0.000000000000    0.000000000201    0.000000000106    0.000000030947    0.000000006029    0.000000001158    0.000000000179    0.000000032306    0.000000006271    0.000000032305    0.000000006271    0.000006716011    0.000027861709     600  1.000000000000  0.000000000100  0.000000001000  0.400000000000  0.010000000000  0.000000000000  0.200000      10     165  1.00  1.00  data5076.dat
  0.013122801800    0.000161031056    0.000003162000    0.000000000000    0.210886363500    0.003451517095   15.242709242600    0.186665901300    0.948606116500    0.015483673892    0.000015811000    0.000000000000    0.000000000003    0.000000000002    0.000000003298    0.000000000903    0.000000000763    0.000000000178    0.000000004064    0.000000001066    0.000000004061    0.000000001060    0.000460877987    0.001451754430     600  1.000000000000  0.000000000010  0.000000001000  0.400000000000  0.010000000000  0.000000000000  0.200000      10     175  1.00  1.00  data5077.dat
  0.013177172900    0.000290733803    0.000001000000    0.000000000000    0.311270867500    0.009177897771   15.184321923400    0.330390404519    0.643020942400    0.018611248455    0.000005000000    0.000000000000    0.000000000000    0.000000000000    0.000000000801    0.000000000072    0.000000000333    0.000000000024    0.000000001134    0.000000000092    0.000000001134    0.000000000092    0.000025940902    0.000050529418     600  1.000000000000  0.000000000001  0.000000001000  0.400000000000  0.010000000000  0.000000000000  0.200000      10     300  1.00  1.00  data5107.dat
  0.013177172900    0.000290733803    0.000000316000    0.000000000000    0.456883151400    0.013471311486   15.184321923400    0.330390404519    0.438085068200    0.012679695931    0.000001581000    0.000000000000    0.000000000000    0.000000000000    0.000000000673    0.000000000151    0.000000000139    0.000000000044    0.000000000811    0.000000000192    0.000000000811    0.000000000192    0.000004284744    0.000009907986     600  1.000000000000  0.0000000000001 0.000000001000  0.400000000000  0.010000000000  0.000000000000  0.200000      10     300  1.00  1.00  data5102.dat


# index 9  EA=1  EI variable  GI=1e-9  ORTHO=0.6
  0.012326184667    0.000052847760    0.100000000000    0.000000000000    0.006134409333    0.000035082403   16.225819235000    0.069395863886   32.603685119667    0.185845539172    0.500000000000    0.000000000000    0.000280845043    0.000002086451    0.000007501377    0.000000498248    0.000000000142    0.000000000002    0.000288346563    0.000002016058    0.000288351801    0.000001976201   -0.000018793852    0.000167010160     600  1.000000000000  0.010000000000  0.000000001000  0.600000000000  0.010000000000  0.000000000000  0.200000       3     300  1.00  1.00  data5118.dat
  0.012531761800    0.000284641046    0.031622777000    0.000000000000    0.009205681600    0.000279113005   15.965988189600    0.359939873528   21.741543749800    0.652648877545    0.158113883000    0.000000000000    0.000247964168    0.000003684536    0.000014216164    0.000000444875    0.000000000136    0.000000000003    0.000262180469    0.000003631919    0.000262187982    0.000003617596   -0.000029268373    0.000066958365     600  1.000000000000  0.001000000000  0.000000001000  0.600000000000  0.010000000000  0.000000000000  0.200000       5     300  1.00  1.00  data5113.dat
  0.012730066375    0.000136634810    0.010000000000    0.000000000000    0.013796977750    0.000197373081   15.712424339750    0.169013726025   14.498532067375    0.208013979434    0.050000000000    0.000000000000    0.000201358305    0.000007235654    0.000021193035    0.000001718724    0.000000000134    0.000000000003    0.000222551475    0.000007042234    0.000222553589    0.000007042305   -0.000009488170    0.000031834149     600  1.000000000000  0.000100000000  0.000000001000  0.600000000000  0.010000000000  0.000000000000  0.200000       8     105  1.00  1.00  data5080.dat
  0.012487491625    0.000078659879    0.003162278000    0.000000000000    0.019738022000    0.000165821782   16.016581839375    0.100717386301   10.133351905000    0.084937893503    0.015811388000    0.000000000000    0.000136933785    0.000009755617    0.000029531465    0.000001796831    0.000000000150    0.000000000009    0.000166465400    0.000010574501    0.000166466191    0.000010575086   -0.000004533065    0.000022494325     600  1.000000000000  0.000010000000  0.000000001000  0.600000000000  0.010000000000  0.000000000000  0.200000       8     115  1.00  1.00  data5081.dat
  0.012705649900    0.000133692267    0.001000000000    0.000000000000    0.029648687200    0.000415551420   15.742606683100    0.166620716762    6.746863320200    0.095304151685    0.005000000000    0.000000000000    0.000071080634    0.000009748619    0.000029230589    0.000000962454    0.000000000295    0.000000000013    0.000100311518    0.000009637045    0.000100311331    0.000009637727    0.000002545780    0.000016615146     600  1.000000000000  0.000001000000  0.000000001000  0.600000000000  0.010000000000  0.000000000000  0.200000      10     125  1.00  1.00  data5082.dat
  0.012529397800    0.000207855149    0.000316228000    0.000000000000    0.042716686000    0.000943326023   15.966451618500    0.267430426109    4.684093210700    0.104773544556    0.001581139000    0.000000000000    0.000021066131    0.000004721622    0.000019423498    0.000002136392    0.000000000907    0.000000000126    0.000040490536    0.000006248519    0.000040490581    0.000006248519   -0.000001125093    0.000003635454     600  1.000000000000  0.000000100000  0.000000001000  0.600000000000  0.010000000000  0.000000000000  0.200000      10     135  1.00  1.00  data5083.dat
  0.012500128200    0.000216265259    0.000100000000    0.000000000000    0.062504598000    0.001441232148   16.004158632000    0.277679959932    3.201301608700    0.074097051911    0.000500000000    0.000000000000    0.000002479090    0.000000608077    0.000007488385    0.000001143053    0.000000002605    0.000000000551    0.000009970081    0.000001675800    0.000009970083    0.000001675800   -0.000000185960    0.000000662905     600  1.000000000000  0.000000010000  0.000000001000  0.600000000000  0.010000000000  0.000000000000  0.200000      10     145  1.00  1.00  data5084.dat
  0.012524551400    0.000257497029    0.000031623000    0.000000000000    0.091985572500    0.002516460256   15.974785299800    0.332398267840    2.175742745700    0.060482381813    0.000158114000    0.000000000000    0.000000068063    0.000000016681    0.000001205375    0.000000166067    0.000000003866    0.000000000695    0.000001277303    0.000000181221    0.000001277304    0.000000181221   -0.000000378980    0.000001615068     600  1.000000000000  0.000000001000  0.000000001000  0.600000000000  0.010000000000  0.000000000000  0.200000      10     155  1.00  1.00  data5085.dat
  0.012541995300    0.000128166133    0.000010000000    0.000000000000    0.135258501900    0.001844161517   15.947919001600    0.162351877959    1.478896241300    0.020061721186    0.000050000000    0.000000000000    0.000000000863    0.000000000319    0.000000126574    0.000000027428    0.000000003615    0.000000000548    0.000000131052    0.000000028071    0.000000131052    0.000000028072    0.000005367266    0.000023494489     600  1.000000000000  0.000000000100  0.000000001000  0.600000000000  0.010000000000  0.000000000000  0.200000      10     165  1.00  1.00  data5086.dat
  0.012595890700    0.000144149990    0.000003162000    0.000000000000    0.199671721300    0.003045034969   15.880072539300    0.182373159336    1.001854739700    0.015350078752    0.000015811000    0.000000000000    0.000000000011    0.000000000004    0.000000012264    0.000000003203    0.000000002445    0.000000000442    0.000000014720    0.000000003621    0.000000014719    0.000000003619    0.000102166278    0.000313469008     600  1.000000000000  0.000000000010  0.000000001000  0.600000000000  0.010000000000  0.000000000000  0.200000      10     175  1.00  1.00  data5087.dat
  0.012610194700    0.000301796559    0.000001000000    0.000000000000    0.293547729400    0.009377091293   15.868308248100    0.377280924714    0.681940796500    0.021593635959    0.000005000000    0.000000000000    0.000000000001    0.000000000000    0.000000002653    0.000000000548    0.000000001002    0.000000000175    0.000000003656    0.000000000710    0.000000003656    0.000000000710   -0.000000273036    0.000000874660     600  1.000000000000  0.000000000001  0.000000001000  0.600000000000  0.010000000000  0.000000000000  0.200000      10     300  1.00  1.00  data5108.dat
  0.012610194700    0.000301796559    0.000000316000    0.000000000000    0.430869142100    0.013763687433   15.868308248100    0.377280924714    0.464600856100    0.014711572800    0.000001581000    0.000000000000    0.000000000000    0.000000000000    0.000000000952    0.000000000112    0.000000000160    0.000000000019    0.000000001112    0.000000000128    0.000000001112    0.000000000128   -0.000000000459    0.000000051344     600  1.000000000000  0.0000000000001 0.000000001000  0.600000000000  0.010000000000  0.000000000000  0.200000      10     300  1.00  1.00  data5103.dat


# index 10  EA=1  EI variable  GI=1e-9  ORTHO=0.8
  0.012228960400    0.000300594504    0.100000000000    0.000000000000    0.006070612200    0.000199613516   16.362371147400    0.394211896703   32.973369757400    1.055629092686    0.500000000000    0.000000000000    0.000435654976    0.000012187758    0.000012311596    0.000001314558    0.000000000117    0.000000000004    0.000447966689    0.000011290348    0.000448280682    0.000012054616   -0.000664666257    0.001926536699     600  1.000000000000  0.010000000000  0.000000001000  0.800000000000  0.010000000000  0.000000000000  0.200000       5     300  1.00  1.00  data5119.dat
  0.012228960400    0.000300594504    0.031622777000    0.000000000000    0.008910440000    0.000292992246   16.362371147400    0.394211896703   22.464495305800    0.719191728260    0.158113883000    0.000000000000    0.000386391065    0.000014243444    0.000022335005    0.000002102032    0.000000000115    0.000000000005    0.000408726185    0.000013384372    0.000408738540    0.000013390239   -0.000029844576    0.000081841166     600  1.000000000000  0.001000000000  0.000000001000  0.800000000000  0.010000000000  0.000000000000  0.200000       5     300  1.00  1.00  data5114.dat
  0.012454557625    0.000142381975    0.010000000000    0.000000000000    0.013400328000    0.000204528395   16.060200334375    0.182155704889   14.928018387125    0.225455284797    0.050000000000    0.000000000000    0.000310889459    0.000010479257    0.000032255951    0.000002304816    0.000000000118    0.000000000004    0.000343145528    0.000010195389    0.000343146072    0.000010195752   -0.000001560232    0.000003695828     600  1.000000000000  0.000100000000  0.000000001000  0.800000000000  0.010000000000  0.000000000000  0.200000       8     105  1.00  1.00  data5090.dat
  0.012223052714    0.000129621550    0.003162278000    0.000000000000    0.019182956429    0.000271380748   16.364097032714    0.172990843494   10.427702851286    0.146902470290    0.015811388000    0.000000000000    0.000223612840    0.000008938741    0.000040765257    0.000002638916    0.000000000145    0.000000000009    0.000264378241    0.000010223626    0.000264378008    0.000010223729    0.000000897266    0.000002499950     600  1.000000000000  0.000010000000  0.000000001000  0.800000000000  0.010000000000  0.000000000000  0.200000       7     116  1.00  1.00  data5091.dat
  0.012398128100    0.000124538142    0.001000000000    0.000000000000    0.028695707900    0.000383922844   16.132941469000    0.163075931032    6.970815818700    0.094048354456    0.005000000000    0.000000000000    0.000122745540    0.000011753753    0.000043812116    0.000003151001    0.000000000377    0.000000000028    0.000166558033    0.000012193786    0.000166544044    0.000012184353    0.000080462190    0.000253923972     600  1.000000000000  0.000001000000  0.000000001000  0.800000000000  0.010000000000  0.000000000000  0.200000      10     125  1.00  1.00  data5092.dat
  0.012244777333    0.000182185026    0.000316228000    0.000000000000    0.041427324667    0.000820570820   16.336738239222    0.245308042314    4.829436250778    0.096836343966    0.001581139000    0.000000000000    0.000037162619    0.000008531967    0.000032737461    0.000003015020    0.000000001553    0.000000000101    0.000069901633    0.000011429518    0.000069901617    0.000011429504    0.000000212356    0.000000967745     600  1.000000000000  0.000000100000  0.000000001000  0.800000000000  0.010000000000  0.000000000000  0.200000       9     135  1.00  1.00  data5093.dat
  0.012205275600    0.000172715823    0.000100000000    0.000000000000    0.060545357500    0.001142193103   16.389312813800    0.232126051600    3.304368043900    0.062409707614    0.000500000000    0.000000000000    0.000005887247    0.000002174890    0.000015219252    0.000003009114    0.000000005140    0.000000000665    0.000021111639    0.000005142987    0.000021111632    0.000005142986    0.000000363525    0.000001040884     600  1.000000000000  0.000000010000  0.000000001000  0.800000000000  0.010000000000  0.000000000000  0.200000      10     145  1.00  1.00  data5094.dat
  0.012196213200    0.000237216851    0.000031623000    0.000000000000    0.088783631800    0.002300606356   16.404143735100    0.320617523338    2.254037984800    0.058787866777    0.000158114000    0.000000000000    0.000000196421    0.000000043428    0.000002638076    0.000000410287    0.000000007472    0.000000000776    0.000002841969    0.000000447339    0.000002841889    0.000000447343    0.000028549329    0.000092038282     600  1.000000000000  0.000000001000  0.000000001000  0.800000000000  0.010000000000  0.000000000000  0.200000      10     155  1.00  1.00  data5095.dat
  0.012222750800    0.000100759270    0.000010000000    0.000000000000    0.130686635300    0.001435776516   16.363932444100    0.135270064921    1.530545237100    0.016877134026    0.000050000000    0.000000000000    0.000000002203    0.000000000683    0.000000278588    0.000000069456    0.000000007461    0.000000001750    0.000000288252    0.000000071282    0.000000286805    0.000000073219    0.007485871240    0.023643124658     600  1.000000000000  0.000000000100  0.000000001000  0.800000000000  0.010000000000  0.000000000000  0.200000      10     165  1.00  1.00  data5096.dat
  0.012290455800    0.000164559176    0.000003162000    0.000000000000    0.193244092000    0.003449968128   16.275414551800    0.217871125746    1.035257325100    0.018477427258    0.000015811000    0.000000000000    0.000000000036    0.000000000025    0.000000030733    0.000000008265    0.000000005704    0.000000001332    0.000000036473    0.000000009561    0.000000036473    0.000000009561   -0.000002233460    0.000008669200     600  1.000000000000  0.000000000010  0.000000001000  0.800000000000  0.010000000000  0.000000000000  0.200000      10     175  1.00  1.00  data5097.dat
  0.012314760000    0.000280642565    0.000001000000    0.000000000000    0.284410977000    0.008645166891   16.248248137500    0.369363929172    0.703790875400    0.021322163960    0.000005000000    0.000000000000    0.000000000001    0.000000000001    0.000000004594    0.000000000756    0.000000001567    0.000000000228    0.000000006162    0.000000000953    0.000000006163    0.000000000951   -0.000327861359    0.001037063652     600  1.000000000000  0.000000000001  0.000000001000  0.800000000000  0.010000000000  0.000000000000  0.200000      10     300  1.00  1.00  data5109.dat
  0.012314760000    0.000280642565    0.000000316000    0.000000000000    0.417458223800    0.012689369577   16.248248137500    0.369363929172    0.479487141700    0.014526621170    0.000001581000    0.000000000000    0.000000000000    0.000000000000    0.000000001163    0.000000000129    0.000000000187    0.000000000029    0.000000001350    0.000000000152    0.000000001350    0.000000000152    0.000006708969    0.000021403700     600  1.000000000000  0.0000000000001 0.000000001000  0.800000000000  0.010000000000  0.000000000000  0.200000      10     300  1.00  1.00  data5104.dat


# index 11  EA=1  EI=variable  GI=1e-9  ORTHO=1.0
  0.012257854900    0.000208176567    0.001000000000    0.000000000000    0.028264700700    0.000639251306   16.320335393900    0.279193569758    7.079253825300    0.161668883502    0.005000000000    0.000000000000    0.000154903139    0.000023654873    0.000053584645    0.000005006530    0.000000000445    0.000000000042    0.000208488229    0.000027149626    0.000208489404    0.000027149604   -0.000005643045    0.000018298817     600  1.000000000000  0.000001000000  0.000000001000  1.000000000000  0.010000000000  0.000000000000  0.200000      10     105  1.00  1.00  shear/data3009.dat
  0.012257854900    0.000208176567    0.000316228000    0.000000000000    0.041486907000    0.000938292497   16.320335393900    0.279193569758    4.823039486000    0.110143728204    0.001581139000    0.000000000000    0.000053687129    0.000009789190    0.000041934773    0.000006234872    0.000000001858    0.000000000178    0.000095623760    0.000015483356    0.000095623250    0.000015483334    0.000005297883    0.000016916669     600  1.000000000000  0.000000100000  0.000000001000  1.000000000000  0.010000000000  0.000000000000  0.200000      10     105  1.00  1.00  shear/data3010.dat
  0.012257854900    0.000208176567    0.000100000000    0.000000000000    0.060894451700    0.001377225044   16.320335393900    0.279193569758    3.285898550400    0.075040048599    0.000500000000    0.000000000000    0.000007068293    0.000001642726    0.000018318801    0.000003105020    0.000000005647    0.000000000726    0.000025392740    0.000004519387    0.000025392768    0.000004519396   -0.000001051800    0.000003297732     600  1.000000000000  0.000000010000  0.000000001000  1.000000000000  0.010000000000  0.000000000000  0.200000      10     105  1.00  1.00  shear/data3011.dat
  0.012257854900    0.000208176567    0.000031623000    0.000000000000    0.089380831600    0.002021489605   16.320335393900    0.279193569758    2.238656622300    0.051124189894    0.000158114000    0.000000000000    0.000000238601    0.000000082167    0.000003405123    0.000000658832    0.000000008992    0.000000001341    0.000003652717    0.000000730449    0.000003652707    0.000000730445    0.000002403601    0.000007644615     600  1.000000000000  0.000000001000  0.000000001000  1.000000000000  0.010000000000  0.000000000000  0.200000      10     105  1.00  1.00  shear/data3012.dat
  0.012257854900    0.000208176567    0.000010000000    0.000000000000    0.131193118900    0.002967141410   16.320335393900    0.279193569758    1.525179002200    0.034830505207    0.000050000000    0.000000000000    0.000000003418    0.000000001335    0.000000386028    0.000000079628    0.000000009387    0.000000001484    0.000000398833    0.000000081981    0.000000398833    0.000000081982   -0.000000413011    0.000001286531     600  1.000000000000  0.000000000100  0.000000001000  1.000000000000  0.010000000000  0.000000000000  0.200000      10     105  1.00  1.00  shear/data3013.dat
  0.012257854900    0.000208176567    0.000003162000    0.000000000000    0.192565164000    0.004355167795   16.320335393900    0.279193569758    1.039092358000    0.023729746856    0.000015811000    0.000000000000    0.000000000047    0.000000000018    0.000000040556    0.000000008345    0.000000006714    0.000000001051    0.000000047317    0.000000009283    0.000000047317    0.000000009283    0.000000448157    0.000001384179     600  1.000000000000  0.000000000010  0.000000001000  1.000000000000  0.010000000000  0.000000000000  0.200000      10     105  1.00  1.00  shear/data3014.dat
  0.012257854900    0.000208176567    0.000001000000    0.000000000000    0.282647006700    0.006392512142   16.320335393900    0.279193569758    0.707925382400    0.016166888326    0.000005000000    0.000000000000    0.000000000001    0.000000000000    0.000000005822    0.000000001084    0.000000001967    0.000000000292    0.000000007790    0.000000001356    0.000000007790    0.000000001356    0.000001272583    0.000004012038     600  1.000000000000  0.000000000001  0.000000001000  1.000000000000  0.010000000000  0.000000000000  0.200000      10     105  1.00  1.00  shear/data3015.dat
  0.012257854900    0.000208176567    0.000000316000    0.000000000000    0.414869069500    0.009382924445   16.320335393900    0.279193569758    0.482303948600    0.011014372842    0.000001581000    0.000000000000    0.000000000000    0.000000000000    0.000000001116    0.000000000176    0.000000000178    0.000000000027    0.000000001294    0.000000000202    0.000000001294    0.000000000202    0.000000025907    0.000000068064     600  1.000000000000  0.0000000000001 0.000000001000  1.000000000000  0.010000000000  0.000000000000  0.200000      10     105  1.00  1.00  shear/data3016.dat
  0.012228167100    0.000204357276    0.000000100000    0.000000000000    0.606977784400    0.013502699850   16.359833388100    0.276097438337    0.329650081200    0.007429736052    0.000000500000    0.000000000000    0.000000000000    0.000000000000    0.000000000284    0.000000000040    0.000000000010    0.000000000002    0.000000000294    0.000000000041    0.000000000294    0.000000000041    0.000000059044    0.000000276039     600  1.000000000000 0.00000000000001 0.000000001000  1.000000000000  0.010000000000  0.000000000000  0.200000      10     108  1.00  1.00  shear/data4149.dat


